free--电影	187411	23833	64	5106150
pay--电影	885620	29296	23	15988000
all--电影	1073031	24884	18	17811450
free--电视剧	265365	24451	18	7887650
pay--电视剧	1279166	25835	13	20958950
all--电视剧	1546241	27734	12	23970100
free--少儿	577067	23979	12	12100750
pay--少儿	5869420	28608	16	35225150
all--少儿	6447264	29355	12	37920200
free--综艺	29284	19478	11	1039000
pay--综艺	257019	21717	16	5072450
all--综艺	286303	20087	12	5617950
free--音乐	29163	15723	15	1309000
pay--音乐	25	12707	11	75
all--音乐	29188	18256	14	1309700
free--体育	104755	21643	16	1999200
pay--体育	4456	16894	13	125300
all--体育	109211	36902	12	2063500
free--教育	12546	20270	11	488850
pay--教育	1886	14697	12	48735
all--教育	14452	21094	12	574050
free--纪录片	33231	21081	12	1128250
pay--纪录片	14843	18301	17	513800
all--纪录片	48074	19591	17	1551850
free--娱乐	847	13931	16	25550
pay--娱乐	1233	16186	17	6480
all--娱乐	2080	17763	12	72324
free--新闻	3698	18398	13	141850
all--新闻	3698	19787	12	141850
free--生活	15153	24735	12	445850
pay--生活	3084	14047	17	144800
all--生活	18244	21953	12	567500
free--动漫	176249	19269	12	4948550
pay--动漫	989423	27900	17	13733500
all--动漫	1165672	29665	18	16660200
free--电竞	12085	23916	12	178375
pay--电竞	36656	110195	17	988100
all--电竞	48869	116998	16	1242250
free--片花	707	108104	25	4242
pay--片花	7847	124752	16	155274
all--片花	8554	127366	23	216432
pay--搞笑	18161	269689	17	18161
all--搞笑	18161	267233	16	18161
free--其他	8878	194032	31	240200
pay--其他	698	192725	22	12407
all--其他	8211	282437	31	233950
free--党建	1931	279543	87	77150
pay--党建	1448	357910	25	70450
all--党建	3379	457152	30	147400