+---------+----+---------+------+-----+----------+-------+-------+
|curType  |rank|iteration|lambda|alpha|precision | recall|f1score|
+---------+----+---------+------+-----+----------+-------+-------+
|  pay少儿| 200|       15|   0.1| 10.0|  0.01404 |0.65077|0.02744|
|  pay电影| 200|       15|   0.1| 10.0| 0.01936  |0.82532|0.03768|
|pay电视剧| 200|       15|   0.1| 10.0|  0.01663 |0.70156|0.03232|
|  pay综艺| 200|       10|   0.1| 10.0|  0.02528 |0.95671| 0.0489|

+-------+----+---------+------+-----+-------------------+---------+-------+-------+---+----------+
|curType|rank|iteration|lambda|alpha|               rmse|precision| recall|f1score|auc|        dt|
+-------+----+---------+------+-----+-------------------+---------+-------+-------+---+----------+
|  pay少儿| 200|       15|   0.1| 10.0|0.48740596570000816|  0.01404|0.65077|0.02744|0.0|2022-09-06|
|  pay少儿| 130|       10|   0.1| 10.0| 0.5392534515222122|  0.01349|0.62932|0.02637|0.0|2022-09-06|
|  pay少儿| 200|       10|   0.1| 10.0| 0.4407129772939273|   0.0133|0.61972|0.02601|0.0|2022-09-06|
|  pay少儿| 200|       15|   0.1|  1.0| 0.5576047369827087|  0.01315|0.61355|0.02571|0.0|2022-09-06|
|  pay少儿| 200|       10|   0.1|  1.0| 0.6080364064043282|  0.01277|0.59387|0.02496|0.0|2022-09-06|
|  pay少儿| 200|       10|   1.0| 10.0| 0.5599226229119768|  0.01243| 0.5887|0.02432|0.0|2022-09-06|
|  pay少儿| 130|       15|   0.1| 10.0| 0.5033705627847552|   0.0123|0.57798|0.02406|0.0|2022-09-06|
|  pay少儿| 130|       15|   0.1|  1.0| 0.6697153721669566|  0.01204|0.56427|0.02354|0.0|2022-09-06|
|  pay少儿| 200|       15|   0.1|  0.1| 0.6926657906069196|  0.01202|0.56332| 0.0235|0.0|2022-09-06|
|  pay少儿| 130|       10|   1.0| 10.0| 0.5524872974249144|  0.01181|0.56064|0.02311|0.0|2022-09-06|
|  pay少儿| 200|       10|   0.1|  0.1| 0.6355257846204527|  0.01172|0.54127|0.02291|0.0|2022-09-06|
|  pay少儿| 200|       15|   1.0| 10.0| 0.5522964180375235|   0.0116|0.53732|0.02269|0.0|2022-09-06|
|  pay少儿| 130|       15|   0.1|  0.1| 0.7037348138008765|  0.01149|0.53709|0.02246|0.0|2022-09-06|
|  pay少儿| 130|       10|   0.1|  1.0| 0.6594939721144045|  0.01145| 0.5394|0.02239|0.0|2022-09-06|
|  pay少儿| 130|       15|   1.0| 10.0| 0.5165785482083203|  0.01128|0.52431|0.02205|0.0|2022-09-06|
|  pay少儿|  60|       10|   0.1| 10.0| 0.5597196566261579|  0.01092|0.51692|0.02137|0.0|2022-09-06|
|  pay少儿|  60|       15|   0.1| 10.0| 0.5120276597517722|  0.01082|0.50822|0.02117|0.0|2022-09-06|
|  pay少儿|  60|       10|   1.0| 10.0| 0.5607043233974893|  0.01077|0.50891|0.02107|0.0|2022-09-06|
|  pay少儿| 130|       10|   0.1|  0.1| 0.6304842880654324|  0.01067|0.49637|0.02087|0.0|2022-09-06|
|  pay少儿|  60|       10|   0.1|  1.0|   0.65104381151711|   0.0106|0.49479|0.02072|0.0|2022-09-06|
|  pay少儿|  60|       15|   1.0| 10.0| 0.5607012366121178|  0.01057|0.49749|0.02068|0.0|2022-09-06|
|  pay少儿|  60|       15|   0.1|  1.0| 0.6371584930227246|  0.00997|0.46885| 0.0195|0.0|2022-09-06|
|  pay少儿|  60|       15|   0.1|  0.1| 0.6568948223731172|  0.00912|0.42303|0.01783|0.0|2022-09-06|
|  pay少儿|  60|       10|   0.1|  0.1| 0.6539142605314806|  0.00853|0.39804|0.01668|0.0|2022-09-06|
|  pay少儿|  60|       15|   1.0|  1.0| 0.7772223112252439|  0.00624|0.29456| 0.0122|0.0|2022-09-06|
|  pay少儿| 130|       15|   1.0|  1.0| 0.7679409356084137|  0.00602|0.27903|0.01177|0.0|2022-09-06|
|  pay少儿| 130|       10|   1.0|  1.0| 0.8006192297559599|  0.00599|0.27624| 0.0117|0.0|2022-09-06|
|  pay少儿| 200|       15|   1.0|  1.0|  0.727424297849103|  0.00596|0.27507|0.01164|0.0|2022-09-06|
|  pay少儿| 200|       10|   1.0|  1.0| 0.7915325711447428|  0.00595|0.27858|0.01163|0.0|2022-09-06|
|  pay少儿|  60|       10|   1.0|  1.0| 0.7903621855492312|  0.00534|0.25229|0.01044|0.0|2022-09-06|
|  pay少儿| 130|       15|   1.0|  0.1| 0.7911847615827416|  0.00299|0.13808|0.00585|0.0|2022-09-06|
|  pay少儿| 200|       15|   1.0|  0.1| 0.7623600469578313|  0.00269|0.12258|0.00526|0.0|2022-09-06|
|  pay少儿|  60|       15|   1.0|  0.1| 0.7812754086211697|   0.0026|0.12396| 0.0051|0.0|2022-09-06|
|  pay少儿| 200|       10|   1.0|  0.1| 0.7536640514674028|  0.00226|0.10702|0.00441|0.0|2022-09-06|
|  pay少儿| 130|       10|   1.0|  0.1| 0.7798668666863696|  0.00177|0.08244|0.00346|0.0|2022-09-06|
|  pay少儿|  60|       10|   1.0|  0.1| 0.7814533230987613|  0.00142|0.06718|0.00278|0.0|2022-09-06|
|  pay少儿|  60|       15|  10.0|  1.0| 0.7872211970690032|   1.5E-4|0.00726| 2.8E-4|0.0|2022-09-06|
|  pay少儿| 130|       15|  10.0|  0.1| 0.7860021950029469|   9.0E-5|0.00461| 1.8E-4|0.0|2022-09-06|
|  pay少儿| 200|       15|  10.0|  0.1|  0.783942852994486|   8.0E-5|0.00417| 1.6E-4|0.0|2022-09-06|
|  pay少儿| 200|       10|  10.0| 10.0|  0.791177914084061|   8.0E-5|0.00413| 1.6E-4|0.0|2022-09-06|
|  pay少儿| 130|       10|  10.0| 10.0| 0.7790415398780572|   8.0E-5|0.00376| 1.5E-4|0.0|2022-09-06|
|  pay少儿| 130|       15|  10.0| 10.0| 0.7962695137830816|   6.0E-5|0.00289| 1.1E-4|0.0|2022-09-06|
|  pay少儿|  60|       15|  10.0|  0.1| 0.7980425045575329|   5.0E-5|0.00263| 1.0E-4|0.0|2022-09-06|
|  pay少儿| 200|       15|  10.0| 10.0| 0.7410547415341968|   5.0E-5|0.00243| 1.0E-4|0.0|2022-09-06|
|  pay少儿|  60|       10|  10.0|  1.0| 0.8242918585445492|   3.0E-5|0.00175| 7.0E-5|0.0|2022-09-06|
|  pay少儿| 130|       15|  10.0|  1.0| 0.7665311474428159|   3.0E-5| 0.0013| 7.0E-5|0.0|2022-09-06|
|  pay少儿|  60|       15|  10.0| 10.0| 0.8047890574326009|   3.0E-5|0.00142| 7.0E-5|0.0|2022-09-06|
|  pay少儿| 200|       10|  10.0|  1.0| 0.7525563497856148|   4.0E-5|0.00175| 7.0E-5|0.0|2022-09-06|
|  pay少儿| 200|       15|  10.0|  1.0| 0.7942925169039668|   2.0E-5|0.00117| 5.0E-5|0.0|2022-09-06|
|  pay少儿|  60|       10|  10.0| 10.0|  0.764624491910417|   2.0E-5|0.00103| 4.0E-5|0.0|2022-09-06|
|  pay少儿| 200|       10|  10.0|  0.1| 0.8018661362169636|   2.0E-5|0.00109| 4.0E-5|0.0|2022-09-06|
|  pay少儿| 130|       10|  10.0|  1.0| 0.7859697831341866|   1.0E-5| 6.2E-4| 2.0E-5|0.0|2022-09-06|
|  pay少儿|  60|       10|  10.0|  0.1| 0.8036798213406419|   1.0E-5| 4.9E-4| 2.0E-5|0.0|2022-09-06|
|  pay少儿| 130|       10|  10.0|  0.1| 0.7700196956919702|      0.0|    0.0|    0.0|0.0|2022-09-06|
+-------+----+---------+------+-----+-------------------+---------+-------+-------+---+----------+


+-------+----+---------+------+-----+------------------+---------+-------+-------+---+----------+
|curType|rank|iteration|lambda|alpha|              rmse|precision| recall|f1score|auc|        dt|
+-------+----+---------+------+-----+------------------+---------+-------+-------+---+----------+
|  pay电影| 200|       15|   0.1| 10.0|0.4801157357385476|  0.01936|0.82532|0.03768|0.0|2022-08-20|
|  pay电影| 200|       15|   1.0| 10.0|0.5335436679920349|  0.01894|0.81924|0.03688|0.0|2022-08-20|
|  pay电影| 200|       10|   0.1| 10.0| 0.566825993605212|  0.01869|0.81299|0.03641|0.0|2022-08-20|
|  pay电影| 200|       10|   1.0| 10.0| 0.546280475654504|  0.01861|0.81145|0.03627|0.0|2022-08-20|
|  pay电影| 130|       15|   0.1| 10.0|0.5324264153547581|  0.01815| 0.7823|0.03534|0.0|2022-08-20|
|  pay电影| 130|       10|   0.1| 10.0|0.5391843279398757|  0.01795| 0.7767|0.03496|0.0|2022-08-20|
|  pay电影| 130|       15|   1.0| 10.0|0.5813622438400118|  0.01755|0.76695|0.03418|0.0|2022-08-20|
|  pay电影| 130|       10|   1.0| 10.0|0.5779367588341338|   0.0172|0.75203|0.03351|0.0|2022-08-20|
|  pay电影| 200|       15|   0.1|  1.0| 0.665109957030194|  0.01615|0.70043|0.03144|0.0|2022-08-20|
|  pay电影| 200|       10|   0.1|  1.0|0.6844859741606415|    0.016|0.69578|0.03118|0.0|2022-08-20|
|  pay电影|  60|       15|   0.1| 10.0|0.6154472695515282|  0.01586|0.68751| 0.0309|0.0|2022-08-20|
|  pay电影|  60|       10|   1.0| 10.0|0.5829798253849973|   0.0154|0.67197|0.02999|0.0|2022-08-20|
|  pay电影| 200|       15|   1.0|  1.0| 0.821391020272279|  0.01528|0.67146|0.02978|0.0|2022-08-20|
|  pay电影| 200|       10|   1.0|  1.0| 0.839037720981249|  0.01527|0.67231|0.02977|0.0|2022-08-20|
|  pay电影|  60|       10|   0.1| 10.0|0.5754497888423691|  0.01523|0.67334|0.02969|0.0|2022-08-20|
|  pay电影|  60|       15|   1.0| 10.0| 0.612730827778675|  0.01509|0.66328|0.02941|0.0|2022-08-20|
|  pay电影| 200|       15|   0.1|  0.1|0.6964996217033846|  0.01505|0.65193| 0.0293|0.0|2022-08-20|
|  pay电影| 200|       10|   0.1|  0.1|0.7360360634528444|  0.01484|0.64183|0.02891|0.0|2022-08-20|
|  pay电影| 130|       15|   0.1|  1.0| 0.672742458455116|  0.01481|0.64364|0.02885|0.0|2022-08-20|
|  pay电影| 130|       10|   0.1|  1.0|0.7003726668892549|  0.01465|0.63839|0.02855|0.0|2022-08-20|
|  pay电影| 130|       15|   1.0|  1.0| 0.800381209111998|  0.01463|0.64773|0.02852|0.0|2022-08-20|
|  pay电影| 130|       10|   1.0|  1.0|0.8145320417701573|  0.01443|0.63192|0.02811|0.0|2022-08-20|
|  pay电影| 130|       10|   0.1|  0.1|0.7074672296509845|  0.01395|0.60925|0.02717|0.0|2022-08-20|
|  pay电影| 130|       15|   0.1|  0.1|0.6958016783278314|  0.01362|0.59975|0.02653|0.0|2022-08-20|
|  pay电影|  60|       10|   1.0|  1.0|0.8185648901042564|  0.01273| 0.5609|0.02481|0.0|2022-08-20|
|  pay电影|  60|       15|   1.0|  1.0|0.8292194854661286|  0.01237|0.54929|0.02411|0.0|2022-08-20|
|  pay电影|  60|       15|   0.1|  1.0|0.7440458463506772|  0.01211|0.53276|0.02361|0.0|2022-08-20|
|  pay电影|  60|       10|   0.1|  1.0|0.7760616852092415|  0.01173| 0.5118|0.02285|0.0|2022-08-20|
|  pay电影|  60|       10|   0.1|  0.1|0.7791890635738646|    0.011|0.48632|0.02144|0.0|2022-08-20|
|  pay电影|  60|       15|   0.1|  0.1|0.7635491386766566|  0.01086|0.48267|0.02117|0.0|2022-08-20|
|  pay电影| 130|       15|   1.0|  0.1|0.8305876099179557|  0.00324|0.14492|0.00633|0.0|2022-08-20|
|  pay电影| 200|       15|   1.0|  0.1|0.8467660202123471|  0.00317|0.14293|0.00619|0.0|2022-08-20|
|  pay电影|  60|       15|   1.0|  0.1|0.8387412260707134|  0.00303|0.13726|0.00591|0.0|2022-08-20|
|  pay电影| 200|       10|   1.0|  0.1|0.8266113848790099|  0.00301|0.13627|0.00587|0.0|2022-08-20|
|  pay电影|  60|       10|   1.0|  0.1|0.8484312523901948|  0.00281|0.12634|0.00548|0.0|2022-08-20|
|  pay电影| 130|       10|   1.0|  0.1|0.8535441389133728|  0.00274|0.12345|0.00536|0.0|2022-08-20|
|  pay电影|  60|       10|  10.0|  0.1|0.8236552791477295|  0.00134|0.06194|0.00262|0.0|2022-08-20|
|  pay电影| 130|       10|  10.0|  0.1|0.8558016398094288|   8.6E-4| 0.0401|0.00168|0.0|2022-08-20|
|  pay电影| 200|       10|  10.0|  0.1|0.8367473656045497|   7.8E-4|0.03713|0.00153|0.0|2022-08-20|
|  pay电影|  60|       10|  10.0| 10.0|0.8297318938849859|   6.3E-4|0.02909|0.00122|0.0|2022-08-20|
|  pay电影|  60|       10|  10.0|  1.0|0.8613009069636747|   5.7E-4| 0.0271|0.00111|0.0|2022-08-20|
|  pay电影| 130|       15|  10.0| 10.0|0.8418116982380107|   4.2E-4|0.01975| 8.1E-4|0.0|2022-08-20|
|  pay电影| 200|       10|  10.0| 10.0|0.8584572495030401|   4.0E-4| 0.0179| 7.8E-4|0.0|2022-08-20|
|  pay电影| 130|       15|  10.0|  0.1|0.8296962411235583|   3.9E-4|0.01815| 7.7E-4|0.0|2022-08-20|
|  pay电影| 130|       10|  10.0| 10.0|0.8758327575437355|   3.9E-4| 0.0178| 7.6E-4|0.0|2022-08-20|
|  pay电影| 130|       10|  10.0|  1.0|0.8739130715373088|   3.9E-4|0.01813| 7.5E-4|0.0|2022-08-20|
|  pay电影| 200|       10|  10.0|  1.0|0.8640489239542083|   3.9E-4|0.01859| 7.5E-4|0.0|2022-08-20|
|  pay电影| 200|       15|  10.0| 10.0|0.8627915192245412|   3.7E-4|0.01706| 7.2E-4|0.0|2022-08-20|
|  pay电影|  60|       15|  10.0| 10.0|0.8747035017989166|   3.7E-4|0.01681| 7.2E-4|0.0|2022-08-20|
|  pay电影|  60|       15|  10.0|  1.0| 0.844525856068734|   3.5E-4|0.01634| 6.8E-4|0.0|2022-08-20|
|  pay电影|  60|       15|  10.0|  0.1|0.8528070813688093|   3.3E-4|0.01491| 6.5E-4|0.0|2022-08-20|
|  pay电影| 200|       15|  10.0|  0.1| 0.855963941416838|   2.4E-4|0.01168| 4.8E-4|0.0|2022-08-20|
|  pay电影| 130|       15|  10.0|  1.0|0.8784586190905896|   2.2E-4|0.00954| 4.4E-4|0.0|2022-08-20|
|  pay电影| 200|       15|  10.0|  1.0|0.8736864089457212|   1.4E-4|0.00643| 2.8E-4|0.0|2022-08-20|
+-------+----+---------+------+-----+------------------+---------+-------+-------+---+----------+

+-------+----+---------+------+-----+-------------------+---------+-------+-------+---+----------+
|curType|rank|iteration|lambda|alpha|               rmse|precision| recall|f1score|auc|        dt|
+-------+----+---------+------+-----+-------------------+---------+-------+-------+---+----------+
| pay电视剧| 200|       15|   0.1| 10.0|0.44914854620422756|  0.01663|0.70156|0.03232|0.0|2022-09-06|
| pay电视剧| 200|       10|   0.1| 10.0|0.40184150004003477|  0.01556|0.68584|0.03032|0.0|2022-09-06|
| pay电视剧| 200|       15|   1.0| 10.0|0.41911652925476306|  0.01532|0.69037|0.02988|0.0|2022-09-06|
| pay电视剧| 130|       15|   0.1| 10.0| 0.5072507055226465|  0.01524|0.66334|0.02968|0.0|2022-09-06|
| pay电视剧| 130|       10|   0.1| 10.0|0.45206170588154326|  0.01514|0.64801|0.02946|0.0|2022-09-06|
| pay电视剧| 200|       10|   1.0| 10.0| 0.4751836069065731|  0.01499|0.66495|0.02924|0.0|2022-09-06|
| pay电视剧| 130|       15|   1.0| 10.0|0.46794042009821984|  0.01443|0.63923|0.02812|0.0|2022-09-06|
| pay电视剧| 200|       15|   0.1|  1.0| 0.5686694329691611|  0.01402|0.59077|0.02726|0.0|2022-09-06|
| pay电视剧| 130|       10|   1.0| 10.0|0.48783579915848496|  0.01391|0.61847|0.02712|0.0|2022-09-06|
| pay电视剧| 200|       10|   0.1|  0.1| 0.5994906331399753|  0.01363|  0.597|0.02654|0.0|2022-09-06|
| pay电视剧| 200|       10|   0.1|  1.0| 0.5893952208572008|  0.01364|0.58421|0.02654|0.0|2022-09-06|
| pay电视剧| 200|       15|   0.1|  0.1| 0.6136157765137926|   0.0133|0.56547|0.02587|0.0|2022-09-06|
| pay电视剧|  60|       15|   0.1| 10.0| 0.5007572686317567|  0.01285|0.56115|0.02503|0.0|2022-09-06|
| pay电视剧| 130|       10|   0.1|  1.0| 0.5662453955046765|  0.01285|0.54371|0.02498|0.0|2022-09-06|
| pay电视剧|  60|       10|   0.1| 10.0|  0.500364678701898|  0.01258|0.55593|0.02451|0.0|2022-09-06|
| pay电视剧| 130|       15|   0.1|  1.0| 0.6015684657044158|  0.01222| 0.5254|0.02378|0.0|2022-09-06|
| pay电视剧|  60|       10|   1.0| 10.0| 0.5251295189805397|  0.01188|0.52562|0.02316|0.0|2022-09-06|
| pay电视剧|  60|       15|   1.0| 10.0| 0.5329731276075054|  0.01166|0.50697|0.02271|0.0|2022-09-06|
| pay电视剧| 200|       15|   1.0|  1.0| 0.6207360859598258|  0.01164|0.51568|0.02268|0.0|2022-09-06|
| pay电视剧| 130|       15|   0.1|  0.1| 0.6134070475788835|   0.0115|0.49779| 0.0224|0.0|2022-09-06|
| pay电视剧| 130|       10|   0.1|  0.1| 0.5898897659971057|  0.01138|0.48914|0.02211|0.0|2022-09-06|
| pay电视剧| 200|       10|   1.0|  1.0| 0.6111259923954268|  0.01117|0.48414|0.02173|0.0|2022-09-06|
| pay电视剧| 130|       15|   1.0|  1.0| 0.6270125331225683|  0.01096|0.48578|0.02137|0.0|2022-09-06|
| pay电视剧| 130|       10|   1.0|  1.0| 0.5955951540799285|  0.01016|  0.448|0.01978|0.0|2022-09-06|
| pay电视剧|  60|       15|   0.1|  1.0| 0.6121501990194794|  0.00969|  0.419|0.01886|0.0|2022-09-06|
| pay电视剧|  60|       10|   0.1|  0.1| 0.6405390966685943|  0.00964|0.42586|0.01877|0.0|2022-09-06|
| pay电视剧|  60|       10|   0.1|  1.0| 0.6048301831511094|  0.00948|0.41066|0.01844|0.0|2022-09-06|
| pay电视剧|  60|       15|   0.1|  0.1| 0.6264945239709624|  0.00933|  0.404|0.01817|0.0|2022-09-06|
| pay电视剧|  60|       15|   1.0|  1.0| 0.6476525198289688|  0.00922|0.41054|0.01798|0.0|2022-09-06|
| pay电视剧|  60|       10|   1.0|  1.0| 0.6302063790338073|  0.00877|0.38891|0.01709|0.0|2022-09-06|
| pay电视剧| 130|       10|   1.0|  0.1| 0.6603867332710045|  0.00314|0.14586|0.00613|0.0|2022-09-06|
| pay电视剧|  60|       10|   1.0|  0.1| 0.6412046909683242|  0.00305|0.13941|0.00596|0.0|2022-09-06|
| pay电视剧| 200|       10|   1.0|  0.1| 0.6819047049731124|  0.00266|0.11821|0.00519|0.0|2022-09-06|
| pay电视剧| 130|       15|   1.0|  0.1| 0.6113045756285224|  0.00197|0.08959|0.00385|0.0|2022-09-06|
| pay电视剧| 200|       15|   1.0|  0.1| 0.5787563636957687|  0.00191|0.08704|0.00373|0.0|2022-09-06|
| pay电视剧|  60|       15|   1.0|  0.1| 0.6589835216633038|  0.00162|0.07391|0.00316|0.0|2022-09-06|
+-------+----+---------+------+-----+-------------------+---------+-------+-------+---+----------+


+-------+----+---------+------+-----+-------------------+---------+-------+-------+---+----------+
|curType|rank|iteration|lambda|alpha|               rmse|precision| recall|f1score|auc|        dt|
+-------+----+---------+------+-----+-------------------+---------+-------+-------+---+----------+
|  pay综艺| 200|       10|   0.1| 10.0| 0.4245644496784786|  0.02528|0.95671| 0.0489|0.0|2022-09-06|
|  pay综艺| 200|       10|   1.0| 10.0| 0.4689216100610021|  0.02526|0.96506|0.04889|0.0|2022-09-06|
|  pay综艺| 200|       15|   1.0| 10.0| 0.4191723720485963|    0.025|0.95973|0.04841|0.0|2022-09-06|
|  pay综艺| 130|       10|   1.0| 10.0| 0.4104652215457811|  0.02486|0.95227|0.04814|0.0|2022-09-06|
|  pay综艺| 130|       15|   1.0| 10.0| 0.4390079226559012|  0.02473| 0.9523|0.04792|0.0|2022-09-06|
|  pay综艺| 200|       15|   0.1| 10.0| 0.4759756743609331|  0.02473|0.94869|0.04786|0.0|2022-09-06|
|  pay综艺| 130|       10|   0.1| 10.0| 0.4540837361029238|  0.02462|0.94287|0.04765|0.0|2022-09-06|
|  pay综艺| 130|       15|   0.1| 10.0|  0.500180946205632|  0.02449|0.94199| 0.0474|0.0|2022-09-06|
|  pay综艺| 200|       10|   1.0|  1.0| 0.7614417853896225|  0.02438|0.93821|0.04723|0.0|2022-09-06|
|  pay综艺| 200|       10|   0.1|  1.0|0.49996286039470417|  0.02434| 0.9332|0.04713|0.0|2022-09-06|
|  pay综艺| 200|       15|   1.0|  1.0| 0.7707038414182547|  0.02431|0.94417|0.04712|0.0|2022-09-06|
|  pay综艺| 200|       15|   0.1|  0.1| 0.5535938714079578|  0.02428|0.92325|  0.047|0.0|2022-09-06|
|  pay综艺| 200|       15|   0.1|  1.0| 0.4957807045788396|  0.02402|0.92759|0.04652|0.0|2022-09-06|
|  pay综艺| 200|       10|   0.1|  0.1| 0.5683652712629014|  0.02377| 0.9219|0.04605|0.0|2022-09-06|
|  pay综艺| 130|       10|   1.0|  1.0| 0.7735841402353288|  0.02371|0.92703|0.04595|0.0|2022-09-06|
|  pay综艺|  60|       10|   1.0| 10.0| 0.4773158989076575|   0.0237|0.90909|0.04588|0.0|2022-09-06|
|  pay综艺| 130|       15|   0.1|  1.0| 0.5271875915994482|  0.02364|0.91106|0.04578|0.0|2022-09-06|
|  pay综艺|  60|       15|   0.1| 10.0| 0.4930288234119509|  0.02364|0.90597|0.04577|0.0|2022-09-06|
|  pay综艺|  60|       15|   1.0| 10.0|0.44993722124235414|   0.0236|0.91443|0.04574|0.0|2022-09-06|
|  pay综艺| 130|       10|   0.1|  1.0|  0.558203633805398|  0.02361|0.90164|0.04572|0.0|2022-09-06|
|  pay综艺| 130|       15|   1.0|  1.0| 0.7775218785057172|  0.02352| 0.9236|0.04559|0.0|2022-09-06|
|  pay综艺|  60|       10|   0.1| 10.0|0.46547340911756996|  0.02342|0.90357|0.04538|0.0|2022-09-06|
|  pay综艺| 130|       10|   0.1|  0.1| 0.5812946268381116|  0.02288|0.88332|0.04434|0.0|2022-09-06|
|  pay综艺| 130|       15|   0.1|  0.1| 0.5859490655945028|  0.02282|0.88547|0.04422|0.0|2022-09-06|
|  pay综艺|  60|       10|   1.0|  1.0| 0.7772041019885199|   0.0224|0.88535|0.04344|0.0|2022-09-06|
|  pay综艺|  60|       15|   1.0|  1.0|  0.770470002071925|  0.02239|0.87787|0.04342|0.0|2022-09-06|
|  pay综艺|  60|       15|   0.1|  1.0|  0.565597373360905|  0.02142|0.83885|0.04153|0.0|2022-09-06|
|  pay综艺|  60|       10|   0.1|  1.0| 0.6044981919627419|  0.02137|0.83138|0.04143|0.0|2022-09-06|
|  pay综艺|  60|       15|   0.1|  0.1| 0.6189166884868648|  0.02115|0.81983|  0.041|0.0|2022-09-06|
|  pay综艺|  60|       10|   0.1|  0.1| 0.6319160327351088|  0.02095|0.83029|0.04065|0.0|2022-09-06|
|  pay综艺| 200|       10|   1.0|  0.1| 0.8745143801982458|  0.01642| 0.6451|0.03185|0.0|2022-09-06|
|  pay综艺| 130|       10|   1.0|  0.1| 0.8746710858943559|  0.01622|0.63117|0.03145|0.0|2022-09-06|
|  pay综艺| 130|       15|   1.0|  0.1| 0.8743450081013513|  0.01605|0.62251|0.03112|0.0|2022-09-06|
|  pay综艺|  60|       10|   1.0|  0.1| 0.8822486574146472|    0.016|0.62592|0.03103|0.0|2022-09-06|
|  pay综艺| 200|       15|   1.0|  0.1| 0.8683071281932331|  0.01593|0.60581|0.03085|0.0|2022-09-06|
|  pay综艺|  60|       15|   1.0|  0.1| 0.8728433875786015|  0.01542|0.60655|0.02992|0.0|2022-09-06|
+-------+----+---------+------+-----+-------------------+---------+-------+-------+---+----------+